1. Need ModelFileName.txt species.txt initial_values.txt 
	python3 createPetscCode.py 'ModelFileName'

2. After created InitialConcentrations.h VolumeReactions.h  SurfaceReactions.h, 
    modify SURFACE_INITIAL_CONCENTRATIONS_PATCHES[NUMBER_OF_PATCHES][NUMBER_OF_SPECIES_ON_SURFACE] 
     in InitialConcentrations.h so that it matches the NUMBER_OF_PATCHES in DataStructure.h

   For example, if there are three patches, each of them has the same initial concentration, just
    copy the original single patch initial concentrations three times:

   Original:
const PetscReal SURFACE_INITIAL_CONCENTRATIONS_PATCHES[NUMBER_OF_PATCHES][NUMBER_OF_SPECIES_ON_SURFACE]
        = {
           {  5.0000e-08,  0.0000e+00,  0.0000e+00,  0.0000e+00,  0.0000e+00,
              0.0000e+00,  0.0000e+00,  0.0000e+00,  1.0379e-11,  0.0000e+00,
              0.0000e+00,  1.0379e-11,  0.0000e+00,  1.1209e-10,  0.0000e+00,
              0.0000e+00,  1.2454e-10,  0.0000e+00,  0.0000e+00,  1.8682e-11,
              0.0000e+00,  0.0000e+00,  8.3029e-11,  0.0000e+00,  0.0000e+00,
              0.0000e+00,  0.0000e+00,  0.0000e+00,  0.0000e+00,  0.0000e+00,
              0.0000e+00,  0.0000e+00,  0.0000e+00,  0.0000e+00,  0.0000e+00,
              0.0000e+00,  0.0000e+00,  0.0000e+00,  0.0000e+00,  0.0000e+00,
              0.0000e+00,  0.0000e+00,  0.0000e+00,  0.0000e+00,  0.0000e+00,
              0.0000e+00,  0.0000e+00,  0.0000e+00,  1.0000e-09,  0.0000e+00,
              0.0000e+00,  0.0000e+00,  0.0000e+00,  0.0000e+00,  0.0000e+00
           }
          };


    Modified:
const PetscReal SURFACE_INITIAL_CONCENTRATIONS_PATCHES[NUMBER_OF_PATCHES][NUMBER_OF_SPECIES_ON_SURFACE]
        = {
           {  5.0000e-08,  0.0000e+00,  0.0000e+00,  0.0000e+00,  0.0000e+00,
              0.0000e+00,  0.0000e+00,  0.0000e+00,  1.0379e-11,  0.0000e+00,
              0.0000e+00,  1.0379e-11,  0.0000e+00,  1.1209e-10,  0.0000e+00,
              0.0000e+00,  1.2454e-10,  0.0000e+00,  0.0000e+00,  1.8682e-11,
              0.0000e+00,  0.0000e+00,  8.3029e-11,  0.0000e+00,  0.0000e+00,
              0.0000e+00,  0.0000e+00,  0.0000e+00,  0.0000e+00,  0.0000e+00,
              0.0000e+00,  0.0000e+00,  0.0000e+00,  0.0000e+00,  0.0000e+00,
              0.0000e+00,  0.0000e+00,  0.0000e+00,  0.0000e+00,  0.0000e+00,
              0.0000e+00,  0.0000e+00,  0.0000e+00,  0.0000e+00,  0.0000e+00,
              0.0000e+00,  0.0000e+00,  0.0000e+00,  1.0000e-09,  0.0000e+00,
              0.0000e+00,  0.0000e+00,  0.0000e+00,  0.0000e+00,  0.0000e+00
           },
           {  5.0000e-08,  0.0000e+00,  0.0000e+00,  0.0000e+00,  0.0000e+00,
              0.0000e+00,  0.0000e+00,  0.0000e+00,  1.0379e-11,  0.0000e+00,
              0.0000e+00,  1.0379e-11,  0.0000e+00,  1.1209e-10,  0.0000e+00,
              0.0000e+00,  1.2454e-10,  0.0000e+00,  0.0000e+00,  1.8682e-11,
              0.0000e+00,  0.0000e+00,  8.3029e-11,  0.0000e+00,  0.0000e+00,
              0.0000e+00,  0.0000e+00,  0.0000e+00,  0.0000e+00,  0.0000e+00,
              0.0000e+00,  0.0000e+00,  0.0000e+00,  0.0000e+00,  0.0000e+00,
              0.0000e+00,  0.0000e+00,  0.0000e+00,  0.0000e+00,  0.0000e+00,
              0.0000e+00,  0.0000e+00,  0.0000e+00,  0.0000e+00,  0.0000e+00,
              0.0000e+00,  0.0000e+00,  0.0000e+00,  1.0000e-09,  0.0000e+00,
              0.0000e+00,  0.0000e+00,  0.0000e+00,  0.0000e+00,  0.0000e+00
           },
           {  5.0000e-08,  0.0000e+00,  0.0000e+00,  0.0000e+00,  0.0000e+00,
              0.0000e+00,  0.0000e+00,  0.0000e+00,  1.0379e-11,  0.0000e+00,
              0.0000e+00,  1.0379e-11,  0.0000e+00,  1.1209e-10,  0.0000e+00,
              0.0000e+00,  1.2454e-10,  0.0000e+00,  0.0000e+00,  1.8682e-11,
              0.0000e+00,  0.0000e+00,  8.3029e-11,  0.0000e+00,  0.0000e+00,
              0.0000e+00,  0.0000e+00,  0.0000e+00,  0.0000e+00,  0.0000e+00,
              0.0000e+00,  0.0000e+00,  0.0000e+00,  0.0000e+00,  0.0000e+00,
              0.0000e+00,  0.0000e+00,  0.0000e+00,  0.0000e+00,  0.0000e+00,
              0.0000e+00,  0.0000e+00,  0.0000e+00,  0.0000e+00,  0.0000e+00,
              0.0000e+00,  0.0000e+00,  0.0000e+00,  1.0000e-09,  0.0000e+00,
              0.0000e+00,  0.0000e+00,  0.0000e+00,  0.0000e+00,  0.0000e+00
           }
          };


